case,jerk,simulated_seconds,isr_calls,host_prep_ns,prep_calls,host_planner_ns,host_isr_ns,segments,peak_fill,max_requested_step_hz
low_feed,0,11.227116,16001,721789,16002,5480,1018664,1123,9,178.190
high_feed,0,0.895446,21236,780906,21237,4730,1275753,90,9,44345.898
one_step,0,0.007115,9,2000,10,3950,910,1,1,158.118
short_diagonal,0,0.011477,25,1900,26,900,2960,2,2,295.473
reversal,0,0.990487,11619,399542,11620,2260,652910,101,9,14134.276
long_move,0,21.002616,2001121,75665843,2001122,3360,108537837,2100,9,100000.000
very_low_feed,0,60.040591,1601,79541,1602,4540,86711,158,9,3.333
corners,0,0.868707,9300,336396,9301,3100,470015,89,9,10000.000
hold_resume,0,1.411466,22266,881253,22268,2960,1391334,142,9,19607.843
changing_entry_exit,0,3.888032,20224,736031,20225,6541,1004195,391,9,9741.841
tiny_junctions,0,0.035195,241,14131,242,21500,14160,30,9,1702.997
low_acceleration,0,1.003170,33,3790,34,800,9510,4,4,5.067
high_acceleration,0,0.008995,201,8520,202,1030,13670,1,1,22346.369
case,jerk,simulated_seconds,isr_calls,host_prep_ns,prep_calls,host_planner_ns,host_isr_ns,segments,peak_fill,max_requested_step_hz
low_feed,1,11.253129,16001,1353152,16002,12710,849998,1123,9,178.177
high_feed,1,1.001756,21498,1447377,21499,3850,1303256,98,9,39920.160
one_step,1,0.035716,9,6780,10,4001,1040,1,1,31.498
short_diagonal,1,0.048349,25,5540,26,890,2250,2,2,79.044
reversal,1,1.325735,12893,868259,12894,3810,742825,129,9,14134.276
long_move,1,21.107863,2001498,154121614,2001499,3280,124079415,2108,9,100000.000
very_low_feed,1,60.041264,1601,260904,1602,3650,85210,158,9,3.333
corners,1,1.157448,11598,775528,11599,10120,600987,114,9,9861.933
hold_resume,1,1.555687,22881,1484210,22883,3600,1295060,153,9,19607.843
changing_entry_exit,1,4.138441,21939,1453720,21940,17430,1099202,415,9,6230.530
tiny_junctions,1,0.206344,241,70950,242,860921,13690,30,9,223.254
low_acceleration,1,0.929131,33,10310,34,710,2830,4,4,6.598
high_acceleration,1,0.187787,1345,95590,1346,1070,70180,17,9,2146.844
case,jerk,simulated_seconds,isr_calls,host_prep_ns,prep_calls,host_planner_ns,host_isr_ns,segments,peak_fill,max_requested_step_hz
low_feed,0,11.228000,32228,6290699,32229,3871,2428748,11227,9,1000.000
high_feed,0,0.896000,21375,1724241,21376,2790,1545834,895,9,45045.045
one_step,0,0.008000,15,5040,16,1430,1220,7,7,1000.000
short_diagonal,0,0.012000,33,6090,34,540,2560,11,9,1000.000
reversal,0,0.992000,12114,1146121,12115,1931,875422,991,9,15003.751
long_move,0,21.001000,2001371,153399633,2001372,3450,126908916,21000,9,100000.000
very_low_feed,0,60.002000,61402,21366155,61403,4260,5637936,60001,9,1000.000
corners,0,0.901000,10111,1124225,10112,5470,745622,900,9,10000.000
hold_resume,0,1.358000,22750,2171531,22752,2710,1709742,1356,9,20000.000
changing_entry_exit,0,3.915000,22255,2863571,22256,4950,1567085,3914,9,10000.000
tiny_junctions,0,0.211000,421,105581,422,19140,34490,210,9,1000.000
low_acceleration,0,0.896000,931,301556,932,870,80831,895,9,1000.000
high_acceleration,0,0.009062,218,22151,219,830,17410,9,9,42016.807
case,jerk,simulated_seconds,isr_calls,host_prep_ns,prep_calls,host_planner_ns,host_isr_ns,segments,peak_fill,max_requested_step_hz
low_feed,1,11.253000,32253,7353772,32254,14260,2629776,11252,9,1000.000
high_feed,1,1.001000,21884,2484970,21885,5300,1920333,1000,9,40000.000
one_step,1,0.033000,40,17960,41,2950,3450,32,9,1000.000
short_diagonal,1,0.047000,82,21791,83,700,6500,46,9,1000.000
reversal,1,1.326000,13964,1457200,13965,2240,1010983,1325,9,15003.751
long_move,1,21.101000,2001877,172462344,2001878,3090,134751473,21100,9,100000.000
very_low_feed,1,60.005000,61405,25867046,61406,3530,6766415,60004,9,1000.000
corners,1,1.201000,12121,1981812,12122,7170,1332229,1200,9,10000.000
hold_resume,1,1.481000,23260,3437898,23262,3440,2543437,1479,9,20000.000
changing_entry_exit,1,4.241000,23893,5078260,23894,6951,2564758,4240,9,7002.801
tiny_junctions,1,0.961000,1171,635794,1172,36231,167076,960,9,1000.000
low_acceleration,1,0.896000,931,450387,932,2070,128493,895,9,1000.000
high_acceleration,1,0.187000,1681,284352,1682,1630,159524,186,9,3001.200
FTM tests passed; state=2140 bytes, event=8 bytes
ZV tests passed; state=12640 bytes; 40Hz residual=0.00394265; unequal-filter diagonal error=2.040854 steps
Smoothing tests passed; state=1544 bytes
command_configured_motion,0,0.659000,2346,3060969,2347,12270,341813,658,9,1000.000
[EMBENCH:NO_GPIO,samples=276,us=216,XYZ=64/26/0,shaped_vx_max_steps_s=250.000]
[EM:ftm_output=NATIVE_SEGMENTS,trace=64,overwritten=594,planner_free=32]
[EM:live_fill=0,underruns=0,faults=0,last_block_samples=658,drains=28,state_bytes=15144]
[EM:prep_us=1259,prep_max_us=65,prep_calls=2347,shaped_steps_s=0.224/0.067/0.000]
[EM:bench_only,fill=0,high_water=1,underruns=0,fault=0]
[EM:sample_hz=1000,X=1/40.000/0.100,Y=1/63.000/0.100]
[EM:smoothing_window=8]
Diagnostics tests passed; no physical HAL output
case,jerk,simulated_seconds,isr_calls,host_prep_ns,prep_calls,host_planner_ns,host_isr_ns,segments,peak_fill,max_requested_step_hz
low_feed,1,11.253129,16001,3996195,16002,92351,2658537,1123,9,178.177
high_feed,1,1.001756,21498,2668113,21499,6290,2375737,98,9,39920.160
one_step,1,0.035716,9,4760,10,3550,590,1,1,31.498
short_diagonal,1,0.048349,25,4040,26,940,1520,2,2,79.044
reversal,1,1.325735,12893,863530,12894,2470,755272,129,9,14134.276
long_move,1,21.107863,2001498,150593358,2001499,4130,118580255,2108,9,100000.000
very_low_feed,1,60.041264,1601,246751,1602,3550,89563,158,9,3.333
corners,1,1.157448,11598,761848,11599,9030,605391,114,9,9861.933
hold_resume,1,1.555687,22881,1898680,22883,880,1651366,153,9,19607.843
changing_entry_exit,1,4.138441,21939,1449619,21940,15030,1102180,415,9,6230.530
tiny_junctions,1,0.206344,241,71151,242,854710,13620,30,9,223.254
low_acceleration,1,0.929131,33,6530,34,600,1870,4,4,6.598
high_acceleration,1,0.187787,1345,91510,1346,580,69011,17,9,2146.844
S-curve: 1051 analytically checked profiles; regression exact duration 1.000000000 >= 0.894427191 s
late_streaming,1,2.624986,51145,3633610,51146,12450,2846189,259,9,39920.160
override_reduction,1,4.161382,41573,2947411,41574,6831,2331789,414,9,15491.867
120 deterministic randomized planner/ISR paths, late streaming and override passed
case,jerk,simulated_seconds,isr_calls,host_prep_ns,prep_calls,host_planner_ns,host_isr_ns,segments,peak_fill,max_requested_step_hz
low_feed,1,11.253000,32253,6367806,32254,15760,2426641,11252,9,1000.000
high_feed,1,1.001000,21884,1828362,21885,3410,1563439,1000,9,40000.000
one_step,1,0.033000,40,16660,41,3880,3470,32,9,1000.000
short_diagonal,1,0.047000,82,21651,83,680,6610,46,9,1000.000
reversal,1,1.326000,13964,1371927,13965,2300,980228,1325,9,15003.751
long_move,1,21.101000,2001877,145327881,2001878,1350,119374618,21100,9,100000.000
very_low_feed,1,60.005000,61405,21614565,61406,3210,5658951,60004,9,1000.000
corners,1,1.201000,12121,1183314,12122,6271,810219,1200,9,10000.000
hold_resume,1,1.481000,23260,2031873,23262,1470,1618780,1479,9,20000.000
changing_entry_exit,1,4.241000,23893,3283105,23894,4150,1738253,4240,9,7002.801
tiny_junctions,1,0.961000,1171,405977,1172,23040,97771,960,9,1000.000
low_acceleration,1,0.896000,931,316623,932,640,80271,895,9,1000.000
high_acceleration,1,0.187000,1681,178233,1682,590,105210,186,9,3001.200
parking_resume,0,2.179031,29152,3096077,29156,4090,1989268,1760,9,20000.000
exact_timer_grid,0,0.906000,21368,1706018,21369,1450,1644183,905,9,39062.500
FTM exact timer grids, pulse totals, underrun alarm, fast abort, reset and trapezoids passed
parking_resume,1,2.302031,29662,4340082,29666,22550,2387267,1883,9,20000.000
exact_timer_grid,1,1.006000,21893,1798887,21894,1170,1653787,1005,9,39062.500
FTM exact timer grids, pulse totals, underrun alarm, fast abort, reset and trapezoids passed
case,jerk,simulated_seconds,isr_calls,host_prep_ns,prep_calls,host_planner_ns,host_isr_ns,segments,peak_fill,max_requested_step_hz
low_feed,0,11.249000,32249,8783827,32250,4350,2547938,11248,9,1000.000
high_feed,0,0.917000,21438,2027620,21439,2080,1615451,916,9,44052.863
one_step,0,0.021000,28,19920,29,2270,2360,20,9,1000.000
short_diagonal,0,0.033000,68,23991,69,520,5290,32,9,1000.000
reversal,0,1.055000,12264,1375626,12265,2010,888007,1054,9,15003.751
long_move,0,21.014000,2001416,176489422,2001417,4540,140372088,21013,9,100000.000
very_low_feed,0,60.015000,61415,41455120,61416,2940,8140544,60014,9,1000.000
corners,0,0.935000,10209,1793318,10210,4760,1052726,934,9,10000.000
hold_resume,0,1.406000,22870,2325776,22872,1810,1662462,1404,9,20000.000
changing_entry_exit,0,3.967000,22371,3541607,22372,3540,1592862,3966,9,10000.000
tiny_junctions,0,0.601000,811,448785,812,14270,66762,600,9,1000.000
low_acceleration,0,0.917000,952,481406,953,741,82051,916,9,1000.000
high_acceleration,0,0.031000,360,48641,361,710,26460,30,9,15003.751
case,jerk,simulated_seconds,isr_calls,host_prep_ns,prep_calls,host_planner_ns,host_isr_ns,segments,peak_fill,max_requested_step_hz
low_feed,0,11.256000,32256,9911050,32257,750,2878222,11255,9,1000.000
high_feed,0,0.924000,21448,2511681,21449,3600,1788939,923,9,44052.863
one_step,0,0.028000,35,27320,36,2620,2950,27,9,1000.000
short_diagonal,0,0.040000,75,41290,76,550,5950,39,9,1000.000
reversal,0,1.076000,12310,1513281,12311,1850,880474,1075,9,15003.751
long_move,0,21.021000,2001428,173413330,2001429,1190,135207909,21020,9,100000.000
very_low_feed,0,60.022000,61422,32269718,61423,3860,5583934,60021,9,1000.000
corners,0,0.956000,10264,1242751,10265,5520,691092,955,9,10000.000
hold_resume,0,1.424000,22870,2407005,22872,2430,1616218,1422,9,20000.000
changing_entry_exit,0,3.995000,22409,3587090,22410,5160,1526162,3994,9,10000.000
tiny_junctions,0,0.811000,1021,582249,1022,11580,85280,810,9,1000.000
low_acceleration,0,0.924000,959,555407,960,480,85282,923,9,1000.000
high_acceleration,0,0.038000,435,60610,436,490,31761,37,9,10000.000
parking_resume,0,2.245031,29272,2901286,29276,370,2000944,1826,9,20000.000
shaped_late_streaming,0,11.265000,73826,11462202,73827,4840,5456338,11264,9,19011.407
shaped_override,0,4.071000,40727,4890441,40728,3870,2810720,4070,9,5000.000
Live ZV and smoothing: original planner/STEP cases, common-path geometry, velocity/acceleration and endpoint passed
case,jerk,simulated_seconds,isr_calls,host_prep_ns,prep_calls,host_planner_ns,host_isr_ns,segments,peak_fill,max_requested_step_hz
low_feed,1,11.274000,32274,9245159,32275,12550,2701198,11273,9,1000.000
high_feed,1,1.022000,21919,2294915,21920,5330,1696921,1021,9,40000.000
one_step,1,0.046000,53,34901,54,3300,4500,45,9,1000.000
short_diagonal,1,0.068000,103,44561,104,820,8300,67,9,1000.000
reversal,1,1.389000,14059,1771207,14060,2480,1012163,1388,9,15003.751
long_move,1,21.114000,2001907,170899465,2001908,3450,132743361,21113,9,100000.000
very_low_feed,1,60.018000,61418,29898610,61419,8350,5550694,60017,9,1000.000
corners,1,1.235000,12194,1517432,12195,6360,989403,1234,9,10000.000
hold_resume,1,1.533000,23465,2427052,23467,3910,1673182,1531,9,20000.000
changing_entry_exit,1,4.293000,23925,3935607,23926,4590,1637952,4292,9,7002.801
tiny_junctions,1,1.351000,1561,846770,1562,30871,131242,1350,9,1000.000
low_acceleration,1,0.917000,952,478878,953,1090,82111,916,9,1000.000
high_acceleration,1,0.208000,1692,230152,1693,960,106961,207,9,3001.200
case,jerk,simulated_seconds,isr_calls,host_prep_ns,prep_calls,host_planner_ns,host_isr_ns,segments,peak_fill,max_requested_step_hz
low_feed,1,11.281000,32281,8443859,32282,5500,2455788,11280,9,1000.000
high_feed,1,1.029000,21944,2091600,21945,4470,1647507,1028,9,40000.000
one_step,1,0.053000,60,96001,61,1560,7480,52,9,1000.000
short_diagonal,1,0.075000,110,60351,111,1260,10910,74,9,1000.000
reversal,1,1.410000,14096,1939461,14097,2750,1031237,1409,9,15003.751
long_move,1,21.121000,2001908,166507959,2001909,3170,126387295,21120,9,100000.000
very_low_feed,1,60.025000,61425,34772994,61426,4270,5964494,60024,9,1000.000
corners,1,1.256000,12211,1523959,12212,7210,814067,1255,9,10000.000
hold_resume,1,1.550000,23515,2754998,23517,2250,1737482,1548,9,20000.000
changing_entry_exit,1,4.321000,23999,4572979,24000,10900,2123531,4320,9,7002.801
tiny_junctions,1,1.561000,1771,1124375,1772,38310,149795,1560,9,1000.000
low_acceleration,1,0.924000,959,725829,960,1280,101451,923,9,1000.000
high_acceleration,1,0.215000,1714,569347,1715,3510,230783,214,9,3001.200
parking_resume,1,2.371031,29917,3260540,29921,12310,2289654,1952,9,20000.000
shaped_late_streaming,1,11.497000,75093,12566118,75094,4630,5757121,11496,9,19011.407
shaped_override,1,4.174000,41568,5359166,41569,3881,2949019,4173,9,5000.000
Live ZV and smoothing: original planner/STEP cases, common-path geometry, velocity/acceleration and endpoint passed
