parking_resume,0,2.179031,29152,4412173,29156,6380,3064578,1760,9,20000.000
native_special_mode,0,0.219826,1601,162731,1603,1250,147173,106,9,957.854
native_special_mode,0,0.219826,1601,162333,1603,750,138073,106,9,957.854
native_special_mode,0,0.219826,1601,185454,1603,570,155811,106,9,957.854
exact_timer_grid,0,0.906000,21368,2475818,21369,610,2359719,905,9,39062.500
FTM exact timer grids, pulse totals, underrun alarm, fast abort, reset and trapezoids passed
parking_resume,1,2.302031,29662,4801817,29666,4400,3351921,1883,9,20000.000
native_special_mode,1,0.272941,1601,176923,1603,1820,140123,110,9,957.854
native_special_mode,1,0.272941,1601,179432,1603,730,141474,110,9,957.854
native_special_mode,1,0.272941,1601,175862,1603,770,144733,110,9,957.854
exact_timer_grid,1,1.006000,21893,2673340,21894,860,2447777,1005,9,39062.500
FTM exact timer grids, pulse totals, underrun alarm, fast abort, reset and trapezoids passed
