case,jerk,simulated_seconds,isr_calls,host_prep_ns,prep_calls,host_planner_ns,host_isr_ns,segments,peak_fill,max_requested_step_hz
low_feed,0,11.227116,16001,949532,16002,3830,1262079,1123,9,178.190
high_feed,0,0.895446,21236,1303575,21237,1540,2022397,90,9,44345.898
one_step,0,0.007115,9,980,10,850,820,1,1,158.118
short_diagonal,0,0.011477,25,2050,26,810,2300,2,2,295.473
reversal,0,0.990487,11619,712245,11620,2120,1084494,101,9,14134.276
long_move,0,21.002616,2001121,79353086,2001122,790,114244401,2100,9,100000.000
very_low_feed,0,60.040591,1601,76791,1602,2900,84191,158,9,3.333
corners,0,0.868707,9300,351165,9301,1930,495486,89,9,10000.000
hold_resume,0,1.411466,22266,782433,22268,1400,1233558,142,9,19607.843
changing_entry_exit,0,3.888032,20224,723512,20225,4520,1008891,391,9,9741.841
tiny_junctions,0,0.035195,241,12550,242,14311,13340,30,9,1702.997
low_acceleration,0,1.003170,33,2170,34,371,1870,4,4,5.067
high_acceleration,0,0.008995,201,7350,202,400,12160,1,1,22346.369
case,jerk,simulated_seconds,isr_calls,host_prep_ns,prep_calls,host_planner_ns,host_isr_ns,segments,peak_fill,max_requested_step_hz
low_feed,1,11.253129,16001,2043565,16002,25710,1152092,1123,9,178.177
high_feed,1,1.001756,21498,1400613,21499,920,1293770,98,9,39920.160
one_step,1,0.035716,9,2900,10,890,560,1,1,31.498
short_diagonal,1,0.048349,25,3920,26,690,1490,2,2,79.044
reversal,1,1.325735,12893,852815,12894,2100,717959,129,9,14134.276
long_move,1,21.107863,2001498,140654996,2001499,2110,111068772,2108,9,100000.000
very_low_feed,1,60.041264,1601,246162,1602,3430,85992,158,9,3.333
corners,1,1.157448,11598,810125,11599,8940,662080,114,9,9861.933
hold_resume,1,1.555687,22881,1696308,22883,1370,1415337,153,9,19607.843
changing_entry_exit,1,4.138441,21939,1455361,21940,15290,1150679,415,9,6230.530
tiny_junctions,1,0.206344,241,79551,242,862861,14810,30,9,223.254
low_acceleration,1,0.929131,33,6581,34,780,1870,4,4,6.598
high_acceleration,1,0.187787,1345,105411,1346,600,73680,17,9,2146.844
case,jerk,simulated_seconds,isr_calls,host_prep_ns,prep_calls,host_planner_ns,host_isr_ns,segments,peak_fill,max_requested_step_hz
low_feed,0,11.228000,32228,7211025,32229,8571,2717167,11227,9,1000.000
high_feed,0,0.896000,21375,1848716,21376,2290,1604463,895,9,45045.045
one_step,0,0.008000,15,6060,16,2170,1280,7,7,1000.000
short_diagonal,0,0.012000,33,6080,34,570,2580,11,9,1000.000
reversal,0,0.992000,12114,1147547,12115,2020,885596,991,9,15003.751
long_move,0,21.001000,2001371,160703591,2001372,1220,127213253,21000,9,100000.000
very_low_feed,0,60.002000,61402,20195476,61403,2280,5555043,60001,9,1000.000
corners,0,0.901000,10111,1054875,10112,5900,712447,900,9,10000.000
hold_resume,0,1.358000,22750,2064462,22752,1950,1668772,1356,9,20000.000
changing_entry_exit,0,3.915000,22255,2961449,22256,4020,1588941,3914,9,10000.000
tiny_junctions,0,0.211000,421,103262,422,15941,33700,210,9,1000.000
low_acceleration,0,0.896000,931,297582,932,790,80191,895,9,1000.000
high_acceleration,0,0.009062,218,22020,219,710,17900,9,9,42016.807
case,jerk,simulated_seconds,isr_calls,host_prep_ns,prep_calls,host_planner_ns,host_isr_ns,segments,peak_fill,max_requested_step_hz
low_feed,1,11.253000,32253,6415965,32254,18590,2515363,11252,9,1000.000
high_feed,1,1.001000,21884,1895196,21885,4090,1600215,1000,9,40000.000
one_step,1,0.033000,40,23241,41,4030,5300,32,9,1000.000
short_diagonal,1,0.047000,82,23880,83,1150,6860,46,9,1000.000
reversal,1,1.326000,13964,1355175,13965,3370,985430,1325,9,15003.751
long_move,1,21.101000,2001877,148671119,2001878,3820,121641017,21100,9,100000.000
very_low_feed,1,60.005000,61405,23856483,61406,5220,6465390,60004,9,1000.000
corners,1,1.201000,12121,1265501,12122,8060,827675,1200,9,10000.000
hold_resume,1,1.481000,23260,2182170,23262,2930,1744903,1479,9,20000.000
changing_entry_exit,1,4.241000,23893,3084338,23894,10020,1680416,4240,9,7002.801
tiny_junctions,1,0.961000,1171,389184,1172,28360,98591,960,9,1000.000
low_acceleration,1,0.896000,931,302305,932,620,80380,895,9,1000.000
high_acceleration,1,0.187000,1681,189005,1682,570,120541,186,9,3001.200
FTM tests passed; state=2140 bytes, event=8 bytes
ZV tests passed; state=12640 bytes; 40Hz residual=0.00394265; unequal-filter diagonal error=2.040854 steps
Smoothing tests passed; state=1544 bytes
command_configured_motion,0,0.659000,2346,1669438,2347,7840,183063,658,9,1000.000
[EMBENCH:NO_GPIO,samples=276,us=321,XYZ=64/26/0,shaped_vx_max_steps_s=250.000]
[EM:ftm_output=NATIVE_SEGMENTS,trace=64,overwritten=594,planner_free=32]
[EM:live_fill=0,underruns=0,faults=0,last_block_samples=658,drains=28,state_bytes=15144]
[EM:prep_us=633,prep_max_us=30,prep_calls=2347,shaped_steps_s=0.224/0.067/0.000]
[EM:bench_only,fill=0,high_water=1,underruns=0,fault=0]
[EM:sample_hz=1000,X=1/40.000/0.100,Y=1/63.000/0.100]
[EM:smoothing_window=8]
Diagnostics tests passed; no physical HAL output
case,jerk,simulated_seconds,isr_calls,host_prep_ns,prep_calls,host_planner_ns,host_isr_ns,segments,peak_fill,max_requested_step_hz
low_feed,1,11.253129,16001,1555349,16002,11650,974806,1123,9,178.177
high_feed,1,1.001756,21498,1451638,21499,3470,1290462,98,9,39920.160
one_step,1,0.035716,9,4400,10,2200,520,1,1,31.498
short_diagonal,1,0.048349,25,4050,26,680,1500,2,2,79.044
reversal,1,1.325735,12893,871021,12894,2050,728001,129,9,14134.276
long_move,1,21.107863,2001498,142252801,2001499,2710,108402347,2108,9,100000.000
very_low_feed,1,60.041264,1601,257951,1602,3190,86040,158,9,3.333
corners,1,1.157448,11598,789561,11599,8961,624931,114,9,9861.933
hold_resume,1,1.555687,22881,1514481,22883,1451,1296764,153,9,19607.843
changing_entry_exit,1,4.138441,21939,1517221,21940,15171,1155754,415,9,6230.530
tiny_junctions,1,0.206344,241,72320,242,856562,13820,30,9,223.254
low_acceleration,1,0.929131,33,6710,34,870,1860,4,4,6.598
high_acceleration,1,0.187787,1345,94030,1346,560,70981,17,9,2146.844
S-curve: 1051 analytically checked profiles; regression exact duration 1.000000000 >= 0.894427191 s
late_streaming,1,2.624986,51145,3466345,51146,9740,2785630,259,9,39920.160
override_reduction,1,4.161382,41573,2823218,41574,4590,2289930,414,9,15491.867
120 deterministic randomized planner/ISR paths, late streaming and override passed
case,jerk,simulated_seconds,isr_calls,host_prep_ns,prep_calls,host_planner_ns,host_isr_ns,segments,peak_fill,max_requested_step_hz
low_feed,1,11.253000,32253,6517062,32254,11780,2473375,11252,9,1000.000
high_feed,1,1.001000,21884,1841367,21885,1050,1564668,1000,9,40000.000
one_step,1,0.033000,40,14360,41,840,3500,32,9,1000.000
short_diagonal,1,0.047000,82,21681,83,660,6840,46,9,1000.000
reversal,1,1.326000,13964,1365778,13965,2090,1000223,1325,9,15003.751
long_move,1,21.101000,2001877,159503734,2001878,710,130470405,21100,9,100000.000
very_low_feed,1,60.005000,61405,19778713,61406,2470,5466989,60004,9,1000.000
corners,1,1.201000,12121,1207611,12122,7640,827006,1200,9,10000.000
hold_resume,1,1.481000,23260,2039197,23262,2210,1658320,1479,9,20000.000
changing_entry_exit,1,4.241000,23893,2923123,23894,5170,1628271,4240,9,7002.801
tiny_junctions,1,0.961000,1171,395306,1172,21950,102582,960,9,1000.000
low_acceleration,1,0.896000,931,309956,932,710,86230,895,9,1000.000
high_acceleration,1,0.187000,1681,172842,1682,1150,106312,186,9,3001.200
parking_resume,0,2.179031,29152,3238275,29156,3470,2093422,1760,9,20000.000
native_special_mode,0,0.219826,1601,138222,1603,2440,89822,106,9,957.854
native_special_mode,0,0.219826,1601,113873,1603,560,91850,106,9,957.854
native_special_mode,0,0.219826,1601,113412,1603,420,92121,106,9,957.854
exact_timer_grid,0,0.906000,21368,1712443,21369,480,1622072,905,9,39062.500
FTM exact timer grids, pulse totals, underrun alarm, fast abort, reset and trapezoids passed
parking_resume,1,2.302031,29662,3239506,29666,11190,2004484,1883,9,20000.000
native_special_mode,1,0.272941,1601,126523,1603,1310,88261,110,9,957.854
native_special_mode,1,0.272941,1601,132272,1603,580,90022,110,9,957.854
native_special_mode,1,0.272941,1601,127491,1603,530,92751,110,9,957.854
exact_timer_grid,1,1.006000,21893,1937250,21894,680,1720761,1005,9,39062.500
FTM exact timer grids, pulse totals, underrun alarm, fast abort, reset and trapezoids passed
case,jerk,simulated_seconds,isr_calls,host_prep_ns,prep_calls,host_planner_ns,host_isr_ns,segments,peak_fill,max_requested_step_hz
low_feed,0,11.249000,32249,8938034,32250,6070,2497358,11248,9,1000.000
high_feed,0,0.917000,21438,2376647,21439,2930,1841668,916,9,44052.863
one_step,0,0.021000,28,21490,29,2780,3050,20,9,1000.000
short_diagonal,0,0.033000,68,24120,69,650,5361,32,9,1000.000
reversal,0,1.055000,12264,1500993,12265,1960,949588,1054,9,15003.751
long_move,0,21.014000,2001416,170649834,2001417,2910,124983069,21013,9,100000.000
very_low_feed,0,60.015000,61415,27547869,61416,3340,5376961,60014,9,1000.000
corners,0,0.935000,10209,1128059,10210,3830,681330,934,9,10000.000
hold_resume,0,1.406000,22870,2302101,22872,2210,1629049,1404,9,20000.000
changing_entry_exit,0,3.967000,22371,3304154,22372,3890,1522437,3966,9,10000.000
tiny_junctions,0,0.601000,811,472477,812,12130,69561,600,9,1000.000
low_acceleration,0,0.917000,952,484807,953,800,83330,916,9,1000.000
high_acceleration,0,0.031000,360,58170,361,1500,26850,30,9,15003.751
case,jerk,simulated_seconds,isr_calls,host_prep_ns,prep_calls,host_planner_ns,host_isr_ns,segments,peak_fill,max_requested_step_hz
low_feed,0,11.256000,32256,8022833,32257,830,2459309,11255,9,1000.000
high_feed,0,0.924000,21448,2022393,21449,4720,1575191,923,9,44052.863
one_step,0,0.028000,35,37681,36,2700,4590,27,9,1000.000
short_diagonal,0,0.040000,75,41681,76,1130,6090,39,9,1000.000
reversal,0,1.076000,12310,1415560,12311,2220,875249,1075,9,15003.751
long_move,0,21.021000,2001428,171060287,2001429,1950,132938578,21020,9,100000.000
very_low_feed,0,60.022000,61422,31145348,61423,2920,5485056,60021,9,1000.000
corners,0,0.956000,10264,1390349,10265,4540,814069,955,9,10000.000
hold_resume,0,1.424000,22870,3436184,22872,3670,2339957,1422,9,20000.000
changing_entry_exit,0,3.995000,22409,5393483,22410,4500,2299334,3994,9,10000.000
tiny_junctions,0,0.811000,1021,887133,1022,16230,128621,810,9,1000.000
low_acceleration,0,0.924000,959,768242,960,930,125371,923,9,1000.000
high_acceleration,0,0.038000,435,84960,436,890,47850,37,9,10000.000
parking_resume,0,2.245031,29272,4413450,29276,780,3021894,1826,9,20000.000
shaped_late_streaming,0,11.265000,73826,15804784,73827,4180,7794666,11264,9,19011.407
shaped_override,0,4.071000,40727,4748414,40728,2580,2734473,4070,9,5000.000
Live ZV and smoothing: original planner/STEP cases, common-path geometry, velocity/acceleration and endpoint passed
case,jerk,simulated_seconds,isr_calls,host_prep_ns,prep_calls,host_planner_ns,host_isr_ns,segments,peak_fill,max_requested_step_hz
low_feed,1,11.274000,32274,8610197,32275,12291,2458319,11273,9,1000.000
high_feed,1,1.022000,21919,2241701,21920,2750,1589286,1021,9,40000.000
one_step,1,0.046000,53,36421,54,3860,4540,45,9,1000.000
short_diagonal,1,0.068000,103,44391,104,690,8390,67,9,1000.000
reversal,1,1.389000,14059,1748127,14060,2680,1007475,1388,9,15003.751
long_move,1,21.114000,2001907,169114033,2001908,1970,129711435,21113,9,100000.000
very_low_feed,1,60.018000,61418,40469923,61419,2620,7719041,60017,9,1000.000
corners,1,1.235000,12194,2234477,12195,5760,1232010,1234,9,10000.000
hold_resume,1,1.533000,23465,3762297,23467,1550,2515764,1531,9,20000.000
changing_entry_exit,1,4.293000,23925,4310786,23926,4480,1951393,4292,9,7002.801
tiny_junctions,1,1.351000,1561,1098493,1562,20390,163752,1350,9,1000.000
low_acceleration,1,0.917000,952,564448,953,1840,92092,916,9,1000.000
high_acceleration,1,0.208000,1692,251952,1693,1240,113224,207,9,3001.200
case,jerk,simulated_seconds,isr_calls,host_prep_ns,prep_calls,host_planner_ns,host_isr_ns,segments,peak_fill,max_requested_step_hz
low_feed,1,11.281000,32281,8082949,32282,11210,2440714,11280,9,1000.000
high_feed,1,1.029000,21944,2041272,21945,1770,1574542,1028,9,40000.000
one_step,1,0.053000,60,39531,61,760,4750,52,9,1000.000
short_diagonal,1,0.075000,110,46080,111,640,8300,74,9,1000.000
reversal,1,1.410000,14096,1655250,14097,1750,950943,1409,9,15003.751
long_move,1,21.121000,2001908,156539397,2001909,640,123113738,21120,9,100000.000
very_low_feed,1,60.025000,61425,32073553,61426,2780,5398524,60024,9,1000.000
corners,1,1.256000,12211,1763755,12212,4270,907342,1255,9,10000.000
hold_resume,1,1.550000,23515,2465081,23517,3390,1698719,1548,9,20000.000
changing_entry_exit,1,4.321000,23999,4078533,24000,2660,1737263,4320,9,7002.801
tiny_junctions,1,1.561000,1771,1040775,1772,24170,152032,1560,9,1000.000
low_acceleration,1,0.924000,959,554618,960,770,86151,923,9,1000.000
high_acceleration,1,0.215000,1714,246473,1715,820,113641,214,9,3001.200
parking_resume,1,2.371031,29917,3197303,29921,6820,2193354,1952,9,20000.000
shaped_late_streaming,1,11.497000,75093,11552563,75094,3700,5659189,11496,9,19011.407
shaped_override,1,4.174000,41568,4908300,41569,2760,2796432,4173,9,5000.000
Live ZV and smoothing: original planner/STEP cases, common-path geometry, velocity/acceleration and endpoint passed
Independent diagnostics/filter compilation combinations passed without warnings
